9,1
9,0
8,3
8,2
8,1
8,0
7,5
7,4
7,3
7,2
7,1
7,0
6,3
6,2
6,1
6,0
5,5
5,4
5,3
5,2
5,1
5,0
4,3
2,13
2,12
2,11
2,10
2,9
2,8
2,7
2,6
2,5
2,4
2,3
2,2
2,1
2,0
1,3
0,584
0,583
0,582
0,581
0,580
0,579
0,578
0,577
0,576
0,575
0,574
0,573
0,572
0,571
0,570
0,569
0,568
0,567
0,566
0,565
0,564
0,563
0,562
0,561
0,560
0,559
0,558
0,557
0,556
0,555
0,554
0,553
0,552
0,551
0,550
0,549
0,548
0,547
0,546
0,545
0,544
0,543
0,542
0,541
0,540
0,539
0,538
0,537
0,536
0,535
0,534
0,533
0,532
0,531
0,530
0,529
0,528
0,527
0,526
0,525
0,524
0,523
0,522
0,521
0,520
0,519
0,518
0,517
0,516
0,515
0,514
0,513
0,512
0,415
0,412
0,395
0,324
0,243
0,9
0,0
0,1
0,436
0,300
0,449
0,299
0,435
0,298
0,448
0,297
0,434
0,296
0,433
0,295
0,432
0,294
0,431
0,293
0,430
0,292
0,429
0,291
0,457
0,290
0,427
0,289
0,426
0,288
0,425
0,287
0,424
0,286
0,423
0,285
0,422
0,284
0,454
0,283
0,420
0,282
0,419
0,281
0,280
0,417
0,279
0,416
0,278
0,277
0,413
0,276
0,411
0,275
0,410
0,274
0,409
0,273
9,2
9,3
10,1
10,2
10,4
11,0
11,2
11,4
12,0
12,2
12,3
13,1
13,3
13,4
14,1
14,2
14,4
15,0
15,2
15,4
15,5
15,7
16,0
16,2
17,0
17,1
17,3
17,5
17,7
17,8
17,10
17,12
17,13
17,15
17,16
17,18
17,20
17,21
17,23
17,24
17,26
17,27
17,29
17,31
17,32
17,34
17,35
17,65
17,67
17,68
17,70
17,71
17,73
17,75
17,76
17,78
17,79
17,81
17,82
17,84
17,86
17,87
17,89
17,90
17,92
17,94
17,95
17,97
17,98
17,100
17,101
17,103
17,105
17,106
17,108
17,109
17,111
17,113
17,114
17,116
17,117
17,119
17,120
17,122
17,124
17,125
17,127
17,128
17,130
17,132
17,133
17,135
17,136
17,138
17,140
17,141
17,143
17,144
17,146
17,147
17,149
17,151
17,152
17,155
17,156
17,158
17,160
17,161
17,163
17,164
17,166
17,167
17,190
17,192
17,193
18,0
18,1
18,3
18,5
18,6
19,1
19,2
19,4
20,0
20,2
20,4
20,5
20,7
21,0
21,2
21,4
21,5
22,1
22,2
22,4
22,5
23,1
23,3
23,4
24,1
24,2
24,4
25,1
25,2
25,4
25,5
26,1
26,3
26,4
27,1
27,2
27,4
27,5
28,0
28,2
28,3
29,0
29,1
29,3
30,0
30,1
30,3
30,4
30,6
31,0
31,2
31,4
31,5
31,7
32,0
32,2
32,4
32,5
33,1
33,2
34,0
34,1
34,3
34,5
34,6
35,1
35,2
35,4
36,1
36,2
36,4
36,5
37,1
37,3
38,0
38,2
38,3
39,0
39,1
39,3
39,5
40,0
40,2
40,3
40,5
41,1
41,2
41,4
41,5
42,1
42,2
42,4
42,6
42,7
43,0
43,1
43,3
44,0
44,1
44,3
44,4
45,1
45,2
45,4
46,0
46,1
46,3
46,4
46,6
46,8
46,9
47,0
47,1
47,3
47,4
47,6
48,1
48,2
48,4
48,5
48,7
49,0
49,1
49,3
49,4
49,6
50,1
50,2
50,4
50,5
50,7
50,8
51,1
51,3
51,4
51,6
51,7
52,0
52,2
52,3
52,5
52,6
52,8
52,9
53,1
53,3
53,4
53,6
53,7
54,1
54,3
54,4
54,6
54,7
55,1
55,2
55,4
55,6
55,7
56,0
56,1
56,3
56,5
56,6
56,8
56,9
56,11
57,0
57,1
57,3
57,4
57,6
58,0
58,2
58,4
58,5
58,7
59,0
59,2
59,4
59,5
60,0
60,1
60,3
61,0
61,2
61,4
61,5
61,7
62,0
62,2
62,4
62,3
62,1
61,6
61,3
61,1
60,2
59,6
59,3
59,1
58,6
58,3
58,1
57,5
57,2
56,12
56,10
56,7
56,4
56,2
55,8
55,5
55,3
55,0
54,5
54,2
54,0
53,5
53,2
53,0
52,7
52,4
52,1
51,8
51,5
51,2
51,0
50,6
50,3
50,0
49,5
49,2
48,8
48,6
48,3
48,0
47,5
47,2
46,10
46,7
46,5
46,2
45,5
45,3
45,0
44,2
43,4
43,2
42,8
42,5
42,3
42,0
41,3
41,0
40,4
40,1
39,4
39,2
38,4
38,1
37,2
37,0
36,3
36,0
35,3
35,0
34,4
34,2
33,3
33,0
32,3
32,1
31,6
31,3
31,1
30,5
30,2
29,4
29,2
28,4
28,1
27,6
27,3
27,0
26,2
26,0
25,3
25,0
24,3
24,0
23,2
23,0
22,3
22,0
21,3
21,1
20,6
20,3
20,1
19,3
19,0
18,4
18,2
17,194
17,191
17,168
17,165
17,162
17,159
17,157
17,153
17,150
17,148
17,145
17,142
17,139
17,137
17,134
17,131
17,129
17,126
17,123
17,121
17,118
17,115
17,112
17,110
17,107
17,104
17,102
17,99
17,96
17,93
17,91
17,88
17,85
17,83
17,80
17,77
17,74
17,72
17,69
17,66
17,64
17,33
17,30
17,28
17,25
17,22
17,19
17,17
17,14
17,11
17,9
17,6
17,2
16,3
16,1
15,6
15,3
15,1
14,3
14,0
13,2
13,0
12,1
11,3
11,1
10,3
10,0
0,408
0,272
0,407
0,271
0,406
0,270
0,405
0,269
0,268
0,403
0,267
0,266
0,265
0,400
0,264
0,469
0,263
0,398
0,262
0,397
0,261
0,396
0,260
0,393
0,259
0,392
0,258
0,465
0,257
0,390
0,256
0,389
0,255
0,388
0,254
0,387
0,253
0,252
0,385
0,251
0,384
0,250
0,468
0,249
0,453
0,248
0,381
0,247
0,467
0,246
0,379
0,245
0,456
0,244
0,377
0,242
0,376
0,241
0,464
0,240
0,374
0,239
0,373
0,238
0,372
0,237
0,371
0,236
0,463
0,235
0,369
0,234
0,233
0,367
0,232
0,366
0,231
0,365
0,230
0,462
0,229
0,363
0,228
0,362
0,227
0,450
0,226
0,360
0,225
0,359
0,224
0,358
0,223
0,357
0,222
0,356
0,221
0,466
0,220
0,354
0,219
0,353
0,218
0,461
0,217
0,351
0,216
0,350
0,215
0,349
0,214
0,460
0,213
0,347
0,212
0,346
0,211
0,459
0,210
0,344
0,209
0,343
0,208
0,207
0,341
0,206
0,340
0,205
0,339
0,204
0,338
0,203
0,337
0,202
0,336
0,201
0,335
0,200
0,334
0,199
0,333
0,198
0,332
0,197
0,331
0,196
0,330
0,195
0,329
0,194
0,328
0,193
0,327
0,192
0,326
0,63
0,325
0,62
0,323
0,61
0,322
0,60
0,477
0,59
0,58
0,319
0,57
0,318
0,56
0,455
0,55
0,316
0,54
0,315
0,53
0,314
0,52
0,313
0,51
0,312
0,50
0,311
0,49
0,310
0,48
0,458
0,47
0,308
0,46
0,451
0,45
0,301
0,6
0,5
0,304
0,303
0,306
0,305
0,302
0,12
0,394
0,10
0,8
0,11
0,4
0,2
0,3
0,7
